Adj	Ppos	Pneg	Pneut	Likes	Highest
1	2	0.431750342307	0.568249657693	0.869798696627	16	0
2	1	0.414533782332	0.585466217668	0.776540036727	17	0
3	1	0.446520024747	0.553479975253	0.781190316059	11	0
4	1	0.545758633431	0.454241366569	0.595089061404	14	0
5	1	0.533816108675	0.466183891325	0.780191876001	0	0
6	2	0.490448001093	0.509551998907	0.595089061404	1	0
7	1	0.521589152085	0.478410847915	0.723616332983	6	0
8	1	0.402059045943	0.597940954057	0.455081664222	4	-1
9	1	0.524216613713	0.475783386287	0.595089061404	1	0
10	1	0.288547293536	0.711452706464	0.700378755743	16	-1
11	2	0.647305829932	0.352694170068	0.542083450543	26	1
12	1	0.490448001093	0.509551998907	0.595089061404	7	0
13	3	0.607310494484	0.392689505516	0.0528681846673	5	1
14	1	0.376996697146	0.623003302854	0.55841556468	10	-1
15	2	0.473343819239	0.526656180761	0.350874381455	19	-1
16	2	0.644612773054	0.355387226946	0.368165029017	19	1
17	2	0.687443529357	0.312556470643	0.166111483796	9	1
18	2	0.390172809051	0.609827190949	0.0188056087298	0	-1
19	2	0.674992390334	0.325007609666	0.542358503783	36	1
20	2	0.674992390334	0.325007609666	0.542358503783	37	1
21	1	0.829968033454	0.170031966546	0.409066705326	4	1
22	1	0.490448001093	0.509551998907	0.717038170154	0	0
23	2	0.510437481259	0.489562518741	0.359811619424	1	1
24	3	0.889249377265	0.110750622735	0.137332050837	2	1
25	5	0.746027306983	0.253972693017	0.201619462575	4	1
26	1	0.587630289064	0.412369710936	0.568448911409	0	1
27	1	0.534757831653	0.465242168347	0.522593536931	0	1
28	1	0.517313635252	0.482686364748	0.348081138093	4	1
29	1	0.451231296038	0.548768703962	0.73262915743	0	0
30	1	0.534142558963	0.465857441037	0.521768148615	1	1
31	1	0.490448001093	0.509551998907	0.595089061404	3	0
32	1	0.714560301672	0.285439698328	0.660152179011	6	1
33	1	0.507076963054	0.492923036946	0.49242792897	2	1
34	3	0.693510101279	0.306489898721	0.0392287564944	20	1
35	1	0.490448001093	0.509551998907	0.595089061404	6	0
36	3	0.566623520604	0.433376479396	0.317690711677	6	1
37	3	0.566623520604	0.433376479396	0.317690711677	5	1
38	1				3	0
39	1	0.502769914222	0.497230085778	0.6469996396	14	0
40	1	0.436800217046	0.563199782954	0.363412667322	25	-1
41	2	0.436988530418	0.563011469582	0.435194931003	2	-1
42	3	0.537661120677	0.462338879323	0.733438710903	4	0
43	2	0.628853755264	0.371146244736	0.206640009127	11	1
44	1	0.443315410043	0.556684589957	0.577784055801	5	0
45	1	0.403566532018	0.596433467982	0.689003929492	11	0
46	3	0.553917171047	0.446082828953	0.190657455438	17	1
47	1	0.530587266484	0.469412733516	0.946510540649	9	0
48	2	0.792133700807	0.207866299193	0.135622384874	3	1
49	1	0.437502604637	0.562497395363	0.723616332983	6	0
50	1	0.627674208639	0.372325791361	0.612980779649	12	1
51	3	0.71617450714	0.28382549286	0.523482717952	12	1
52	2	0.472196391007	0.527803608993	0.887472516114	15	0
53	1	0.453530659591	0.546469340409	0.782473030934	3	0
54	1	0.771452432768	0.228547567232	0.76543746764	6	1
55	1	0.523609529586	0.476390470414	0.485560236226	9	1
56	2	0.513785869912	0.486214130088	0.291786044068	13	1
57	1	0.376819881679	0.623180118321	0.585050431556	3	-1
58	1	0.633148230296	0.366851769704	0.299112946549	22	1
59	1	0.400787808671	0.599212191329	0.680272220774	23	0
60	3	0.391438295831	0.608561704169	0.00191788919854	15	-1
61	4	0.427087347489	0.572912652511	0.393201941781	18	-1
62	2	0.496538628793	0.503461371207	0.66453471857	5	0
63	3	0.573527332577	0.426472667423	0.595089061404	35	0
64	1	0.517423089485	0.482576910515	0.781190316059	15	0
65	3	0.521446830481	0.478553169519	0.590408130565	12	0
66	1	0.457825858069	0.542174141931	0.760967801614	7	0
67	1	0.520527862292	0.479472137708	0.169932367882	16	1
68	3	0.664992926948	0.335007073052	0.340623432815	10	1
69	2	0.570113911661	0.429886088339	0.557991027984	29	1
70	3	0.323497053793	0.676502946207	0.526358399335	13	-1
71	3	0.764304422811	0.235695577189	0.242078084941	14	1
72	1	0.650214120733	0.349785879267	0.333290979245	6	1
73	1	0.490448001093	0.509551998907	0.595089061404	5	0
74	1	0.553561997758	0.446438002242	0.595089061404	3	0
75	1	0.678788064891	0.321211935109	0.651417615826	9	1
76	1	0.523609529586	0.476390470414	0.485560236226	12	1
77	2	0.598638361175	0.401361638825	0.112964180715	18	1
78	1	0.53434815255	0.46565184745	0.893928419874	5	0
79	2	0.678758453867	0.321241546133	0.373264844362	2	1
80	1	0.490448001093	0.509551998907	0.595089061404	5	0
81	2	0.490448001093	0.509551998907	0.595089061404	2	0
82	3	0.610846455958	0.389153544042	0.418952125503	10	1
83	1	0.39191707038	0.60808292962	0.522593536931	8	-1
84	1	0.490448001093	0.509551998907	0.595089061404	1	0
85	3	0.575069780452	0.424930219548	0.450429503457	1	1
86	1	0.541820306463	0.458179693537	0.88697846484	1	0
87	1	0.522120767102	0.477879232898	0.839818506845	5	0
88	2	0.509564560842	0.490435439158	0.595089061404	4	0
89	2	0.65026687061	0.34973312939	0.174876493104	9	1
90	1	0.488921760179	0.511078239821	0.753460390616	3	0
91	1	0.66118796659	0.33881203341	0.876536578306	8	0
92	1	0.481929516716	0.518070483284	0.522593536931	3	0
93	1	0.60837821737	0.39162178263	0.00982411687313	7	1
94	1	0.569552636109	0.430447363891	0.714710710265	11	0
95	2	0.626898810811	0.373101189189	0.812633344112	2	0
96	1	0.482229704463	0.517770295537	0.846466203426	7	0
97	2	0.70544169459	0.29455830541	0.680720555477	37	1
98	2	0.69060151168	0.30939848832	0.484360906228	6	1
99	3	0.370186365599	0.629813634401	0.551936875667	6	-1
100	1	0.540150819232	0.459849180768	0.476709499103	13	1
101	2	0.521476554146	0.478523445854	0.443070896993	8	1
102	5	0.438733264196	0.561266735804	0.966436531446	1	0
103	1	0.545758633431	0.454241366569	0.595089061404	32	0
104	2	0.462335284766	0.537664715234	0.354259393574	17	-1
105	1	0.370395251077	0.629604748923	0.394813359485	37	-1
106	1	0.487118901049	0.512881098951	0.618709264472	7	0
107	2	0.41303985432	0.58696014568	0.622009635824	6	0
108	2	0.4612888453	0.5387111547	0.746521621775	1	0
109	3	0.701860843466	0.298139156534	0.0544773169444	19	1
110	3	0.38778926436	0.61221073564	0.411119087454	4	-1
111	2	0.631085098667	0.368914901333	0.187295707345	72	1
112	1	0.490448001093	0.509551998907	0.595089061404	7	0
113	1	0.661797198987	0.338202801013	0.788470195935	22	0
114	2	0.68942451262	0.31057548738	0.204975699639	10	1
115	3	0.643468425389	0.356531574611	0.619986682201	8	1
116	2	0.36091183512	0.63908816488	0.376851264176	99	-1
117	2	0.695893965574	0.304106034426	0.555649737229	17	1
118	3	0.786181711604	0.213818288396	0.790744473942	23	0
119	1	0.777825603493	0.222174396507	0.507975007779	13	1
120	3	0.516252080432	0.483747919568	0.785481277223	7	0
121	3	0.434933899488	0.565066100512	0.296026763484	29	-1
122	1	0.578075649911	0.421924350089	0.756323517911	17	0
123	3	0.672221213248	0.327778786752	0.553894722217	11	1
124	2	0.548694436231	0.451305563769	0.582534195879	9	0
125	1	0.524904026436	0.475095973564	0.739662792723	23	0
126	2	0.557304867234	0.442695132766	0.805358558304	32	0
127	3	0.803655481697	0.196344518303	0.259173496409	32	1
128	1	0.457829694078	0.542170305922	0.938933612486	23	0
129	1	0.522786250116	0.477213749884	0.381807263446	6	1
130	9	0.411990500848	0.588009499152	0.144178691845	25	-1
131	1	0.549822677222	0.450177322778	0.554126191216	13	0
132	1	0.423594186927	0.576405813073	0.595089061404	13	0
133	1	0.609509910487	0.390490089513	0.270026408182	12	1
134	1	0.547617386756	0.452382613244	0.882442615388	5	0
135	2	0.572795617718	0.427204382282	0.716695029212	2	0
136	3	0.789826205501	0.210173794499	0.135622384874	5	1
137	3	0.80718678599	0.19281321401	0.253490282342	0	1
138	2	0.351628054614	0.648371945386	0.191859255195	6	-1
139	1	0.252107985781	0.747892014219	0.338090450312	20	-1
140	2	0.490448001093	0.509551998907	0.595089061404	9	0
141	2	0.613336430139	0.386663569861	0.174265103362	17	1
